VIEW AMORTIZATION SCHEDULE
TEST USER - - (INR) - LPBNG00000000002
Installment
Number
Installment Date Opening Liability Amount
(INR)
Principal
Amount(INR)
Installment
Amount(INR)
Interest
Rate(%)
Interest
Amount(INR)
Charges(INR) Closing Liability
Amount(INR)
1 05,Jun,2026 15,00,000.00 16,127.00 27,782.00 0.0 11,655.00 0.00 14,83,873.00
2 05,Jul,2026 14,83,873.00 15,429.00 27,782.00 0.0 12,353.00 0.00 14,68,444.00
3 05,Aug,2026 14,68,444.00 15,557.00 27,782.00 0.0 12,225.00 0.00 14,52,887.00
4 05,Sep,2026 14,52,887.00 15,687.00 27,782.00 0.0 12,095.00 0.00 14,37,200.00
5 05,Oct,2026 14,37,200.00 15,817.00 27,782.00 0.0 11,965.00 0.00 14,21,383.00
6 05,Nov,2026 14,21,383.00 15,949.00 27,782.00 0.0 11,833.00 0.00 14,05,434.00
7 05,Dec,2026 14,05,434.00 16,082.00 27,782.00 0.0 11,700.00 0.00 13,89,352.00
8 05,Jan,2027 13,89,352.00 16,216.00 27,782.00 0.0 11,566.00 0.00 13,73,136.00
9 05,Feb,2027 13,73,136.00 16,351.00 27,782.00 0.0 11,431.00 0.00 13,56,785.00
10 05,Mar,2027 13,56,785.00 16,487.00 27,782.00 0.0 11,295.00 0.00 13,40,298.00
11 05,Apr,2027 13,40,298.00 16,624.00 27,782.00 0.0 11,158.00 0.00 13,23,674.00
12 05,May,2027 13,23,674.00 16,762.00 27,782.00 0.0 11,020.00 0.00 13,06,912.00
13 05,Jun,2027 13,06,912.00 16,902.00 27,782.00 0.0 10,880.00 0.00 12,90,010.00
14 05,Jul,2027 12,90,010.00 17,043.00 27,782.00 0.0 10,739.00 0.00 12,72,967.00
15 05,Aug,2027 12,72,967.00 17,185.00 27,782.00 0.0 10,597.00 0.00 12,55,782.00
16 05,Sep,2027 12,55,782.00 17,328.00 27,782.00 0.0 10,454.00 0.00 12,38,454.00
17 05,Oct,2027 12,38,454.00 17,472.00 27,782.00 0.0 10,310.00 0.00 12,20,982.00
18 05,Nov,2027 12,20,982.00 17,617.00 27,782.00 0.0 10,165.00 0.00 12,03,365.00
19 05,Dec,2027 12,03,365.00 17,764.00 27,782.00 0.0 10,018.00 0.00 11,85,601.00
20 05,Jan,2028 11,85,601.00 17,912.00 27,782.00 0.0 9,870.00 0.00 11,67,689.00
21 05,Feb,2028 11,67,689.00 18,061.00 27,782.00 0.0 9,721.00 0.00 11,49,628.00
22 05,Mar,2028 11,49,628.00 18,211.00 27,782.00 0.0 9,571.00 0.00 11,31,417.00
23 05,Apr,2028 11,31,417.00 18,363.00 27,782.00 0.0 9,419.00 0.00 11,13,054.00
24 05,May,2028 11,13,054.00 18,516.00 27,782.00 0.0 9,266.00 0.00 10,94,538.00
25 05,Jun,2028 10,94,538.00 18,670.00 27,782.00 0.0 9,112.00 0.00 10,75,868.00
26 05,Jul,2028 10,75,868.00 18,825.00 27,782.00 0.0 8,957.00 0.00 10,57,043.00
27 05,Aug,2028 10,57,043.00 18,982.00 27,782.00 0.0 8,800.00 0.00 10,38,061.00
28 05,Sep,2028 10,38,061.00 19,140.00 27,782.00 0.0 8,642.00 0.00 10,18,921.00
29 05,Oct,2028 10,18,921.00 19,299.00 27,782.00 0.0 8,483.00 0.00 9,99,622.00
30 05,Nov,2028 9,99,622.00 19,460.00 27,782.00 0.0 8,322.00 0.00 9,80,162.00
31 05,Dec,2028 9,80,162.00 19,622.00 27,782.00 0.0 8,160.00 0.00 9,60,540.00
32 05,Jan,2029 9,60,540.00 19,786.00 27,782.00 0.0 7,996.00 0.00 9,40,754.00
33 05,Feb,2029 9,40,754.00 19,950.00 27,782.00 0.0 7,832.00 0.00 9,20,804.00
34 05,Mar,2029 9,20,804.00 20,116.00 27,782.00 0.0 7,666.00 0.00 9,00,688.00
35 05,Apr,2029 9,00,688.00 20,284.00 27,782.00 0.0 7,498.00 0.00 8,80,404.00
36 05,May,2029 8,80,404.00 20,453.00 27,782.00 0.0 7,329.00 0.00 8,59,951.00
37 05,Jun,2029 8,59,951.00 20,623.00 27,782.00 0.0 7,159.00 0.00 8,39,328.00
38 05,Jul,2029 8,39,328.00 20,795.00 27,782.00 0.0 6,987.00 0.00 8,18,533.00
39 05,Aug,2029 8,18,533.00 20,968.00 27,782.00 0.0 6,814.00 0.00 7,97,565.00
40 05,Sep,2029 7,97,565.00 21,142.00 27,782.00 0.0 6,640.00 0.00 7,76,423.00
41 05,Oct,2029 7,76,423.00 21,318.00 27,782.00 0.0 6,464.00 0.00 7,55,105.00
42 05,Nov,2029 7,55,105.00 21,496.00 27,782.00 0.0 6,286.00 0.00 7,33,609.00
43 05,Dec,2029 7,33,609.00 21,675.00 27,782.00 0.0 6,107.00 0.00 7,11,934.00
44 05,Jan,2030 7,11,934.00 21,855.00 27,782.00 0.0 5,927.00 0.00 6,90,079.00
45 05,Feb,2030 6,90,079.00 22,037.00 27,782.00 0.0 5,745.00 0.00 6,68,042.00
46 05,Mar,2030 6,68,042.00 22,221.00 27,782.00 0.0 5,561.00 0.00 6,45,821.00
47 05,Apr,2030 6,45,821.00 22,406.00 27,782.00 0.0 5,376.00 0.00 6,23,415.00
48 05,May,2030 6,23,415.00 22,592.00 27,782.00 0.0 5,190.00 0.00 6,00,823.00
49 05,Jun,2030 6,00,823.00 22,780.00 27,782.00 0.0 5,002.00 0.00 5,78,043.00
50 05,Jul,2030 5,78,043.00 22,970.00 27,782.00 0.0 4,812.00 0.00 5,55,073.00
51 05,Aug,2030 5,55,073.00 23,161.00 27,782.00 0.0 4,621.00 0.00 5,31,912.00
52 05,Sep,2030 5,31,912.00 23,354.00 27,782.00 0.0 4,428.00 0.00 5,08,558.00
53 05,Oct,2030 5,08,558.00 23,548.00 27,782.00 0.0 4,234.00 0.00 4,85,010.00
54 05,Nov,2030 4,85,010.00 23,744.00 27,782.00 0.0 4,038.00 0.00 4,61,266.00
55 05,Dec,2030 4,61,266.00 23,942.00 27,782.00 0.0 3,840.00 0.00 4,37,324.00
56 05,Jan,2031 4,37,324.00 24,141.00 27,782.00 0.0 3,641.00 0.00 4,13,183.00
57 05,Feb,2031 4,13,183.00 24,342.00 27,782.00 0.0 3,440.00 0.00 3,88,841.00
58 05,Mar,2031 3,88,841.00 24,545.00 27,782.00 0.0 3,237.00 0.00 3,64,296.00
59 05,Apr,2031 3,64,296.00 24,749.00 27,782.00 0.0 3,033.00 0.00 3,39,547.00
60 05,May,2031 3,39,547.00 24,955.00 27,782.00 0.0 2,827.00 0.00 3,14,592.00
61 05,Jun,2031 3,14,592.00 25,163.00 27,782.00 0.0 2,619.00 0.00 2,89,429.00
62 05,Jul,2031 2,89,429.00 25,373.00 27,782.00 0.0 2,409.00 0.00 2,64,056.00
63 05,Aug,2031 2,64,056.00 25,584.00 27,782.00 0.0 2,198.00 0.00 2,38,472.00
64 05,Sep,2031 2,38,472.00 25,797.00 27,782.00 0.0 1,985.00 0.00 2,12,675.00
65 05,Oct,2031 2,12,675.00 26,011.00 27,782.00 0.0 1,771.00 0.00 1,86,664.00
66 05,Nov,2031 1,86,664.00 26,228.00 27,782.00 0.0 1,554.00 0.00 1,60,436.00
67 05,Dec,2031 1,60,436.00 26,446.00 27,782.00 0.0 1,336.00 0.00 1,33,990.00
68 05,Jan,2032 1,33,990.00 26,667.00 27,782.00 0.0 1,115.00 0.00 1,07,323.00
69 05,Feb,2032 1,07,323.00 26,889.00 27,782.00 0.0 893.00 0.00 80,434.00
70 05,Mar,2032 80,434.00 27,112.00 27,782.00 0.0 670.00 0.00 53,322.00
71 05,Apr,2032 53,322.00 27,338.00 27,782.00 0.0 444.00 0.00 25,984.00
72 05,May,2032 25,984.00 25,984.00 26,200.00 0.0 216.00 0.00 0.00
