VIEW AMORTIZATION SCHEDULE
S - TEST USER (INR) - LPBNG00000000001
Installment
Number
Installment Date Opening Liability Amount
(INR)
Principal
Amount(INR)
Installment
Amount(INR)
Interest
Rate(%)
Interest
Amount(INR)
Charges(INR) Closing Liability
Amount(INR)
1 05,Nov,2025 15,00,000.00 8,757.00 27,905.00 0.0 19,148.00 0.00 14,91,243.00
2 05,Dec,2025 14,91,243.00 15,490.00 27,905.00 0.0 12,415.00 0.00 14,75,753.00
3 05,Jan,2026 14,75,753.00 15,619.00 27,905.00 0.0 12,286.00 0.00 14,60,134.00
4 05,Feb,2026 14,60,134.00 15,749.00 27,905.00 0.0 12,156.00 0.00 14,44,385.00
5 05,Mar,2026 14,44,385.00 15,880.00 27,905.00 0.0 12,025.00 0.00 14,28,505.00
6 05,Apr,2026 14,28,505.00 16,013.00 27,905.00 0.0 11,892.00 0.00 14,12,492.00
7 05,May,2026 14,12,492.00 16,146.00 27,905.00 0.0 11,759.00 0.00 13,96,346.00
8 05,Jun,2026 13,96,346.00 16,280.00 27,905.00 0.0 11,625.00 0.00 13,80,066.00
9 05,Jul,2026 13,80,066.00 16,416.00 27,905.00 0.0 11,489.00 0.00 13,63,650.00
10 05,Aug,2026 13,63,650.00 16,553.00 27,905.00 0.0 11,352.00 0.00 13,47,097.00
11 05,Sep,2026 13,47,097.00 16,690.00 27,905.00 0.0 11,215.00 0.00 13,30,407.00
12 05,Oct,2026 13,30,407.00 16,829.00 27,905.00 0.0 11,076.00 0.00 13,13,578.00
13 05,Nov,2026 13,13,578.00 16,969.00 27,905.00 0.0 10,936.00 0.00 12,96,609.00
14 05,Dec,2026 12,96,609.00 17,111.00 27,905.00 0.0 10,794.00 0.00 12,79,498.00
15 05,Jan,2027 12,79,498.00 17,253.00 27,905.00 0.0 10,652.00 0.00 12,62,245.00
16 05,Feb,2027 12,62,245.00 17,397.00 27,905.00 0.0 10,508.00 0.00 12,44,848.00
17 05,Mar,2027 12,44,848.00 17,542.00 27,905.00 0.0 10,363.00 0.00 12,27,306.00
18 05,Apr,2027 12,27,306.00 17,688.00 27,905.00 0.0 10,217.00 0.00 12,09,618.00
19 05,May,2027 12,09,618.00 17,835.00 27,905.00 0.0 10,070.00 0.00 11,91,783.00
20 05,Jun,2027 11,91,783.00 17,983.00 27,905.00 0.0 9,922.00 0.00 11,73,800.00
21 05,Jul,2027 11,73,800.00 18,133.00 27,905.00 0.0 9,772.00 0.00 11,55,667.00
22 05,Aug,2027 11,55,667.00 18,284.00 27,905.00 0.0 9,621.00 0.00 11,37,383.00
23 05,Sep,2027 11,37,383.00 18,436.00 27,905.00 0.0 9,469.00 0.00 11,18,947.00
24 05,Oct,2027 11,18,947.00 18,590.00 27,905.00 0.0 9,315.00 0.00 11,00,357.00
25 05,Nov,2027 11,00,357.00 18,745.00 27,905.00 0.0 9,160.00 0.00 10,81,612.00
26 05,Dec,2027 10,81,612.00 18,901.00 27,905.00 0.0 9,004.00 0.00 10,62,711.00
27 05,Jan,2028 10,62,711.00 19,058.00 27,905.00 0.0 8,847.00 0.00 10,43,653.00
28 05,Feb,2028 10,43,653.00 19,217.00 27,905.00 0.0 8,688.00 0.00 10,24,436.00
29 05,Mar,2028 10,24,436.00 19,377.00 27,905.00 0.0 8,528.00 0.00 10,05,059.00
30 05,Apr,2028 10,05,059.00 19,538.00 27,905.00 0.0 8,367.00 0.00 9,85,521.00
31 05,May,2028 9,85,521.00 19,701.00 27,905.00 0.0 8,204.00 0.00 9,65,820.00
32 05,Jun,2028 9,65,820.00 19,865.00 27,905.00 0.0 8,040.00 0.00 9,45,955.00
33 05,Jul,2028 9,45,955.00 20,030.00 27,905.00 0.0 7,875.00 0.00 9,25,925.00
34 05,Aug,2028 9,25,925.00 20,197.00 27,905.00 0.0 7,708.00 0.00 9,05,728.00
35 05,Sep,2028 9,05,728.00 20,365.00 27,905.00 0.0 7,540.00 0.00 8,85,363.00
36 05,Oct,2028 8,85,363.00 20,534.00 27,905.00 0.0 7,371.00 0.00 8,64,829.00
37 05,Nov,2028 8,64,829.00 20,705.00 27,905.00 0.0 7,200.00 0.00 8,44,124.00
38 05,Dec,2028 8,44,124.00 20,878.00 27,905.00 0.0 7,027.00 0.00 8,23,246.00
39 05,Jan,2029 8,23,246.00 21,051.00 27,905.00 0.0 6,854.00 0.00 8,02,195.00
40 05,Feb,2029 8,02,195.00 21,227.00 27,905.00 0.0 6,678.00 0.00 7,80,968.00
41 05,Mar,2029 7,80,968.00 21,403.00 27,905.00 0.0 6,502.00 0.00 7,59,565.00
42 05,Apr,2029 7,59,565.00 21,582.00 27,905.00 0.0 6,323.00 0.00 7,37,983.00
43 05,May,2029 7,37,983.00 21,761.00 27,905.00 0.0 6,144.00 0.00 7,16,222.00
44 05,Jun,2029 7,16,222.00 21,942.00 27,905.00 0.0 5,963.00 0.00 6,94,280.00
45 05,Jul,2029 6,94,280.00 22,125.00 27,905.00 0.0 5,780.00 0.00 6,72,155.00
46 05,Aug,2029 6,72,155.00 22,309.00 27,905.00 0.0 5,596.00 0.00 6,49,846.00
47 05,Sep,2029 6,49,846.00 22,495.00 27,905.00 0.0 5,410.00 0.00 6,27,351.00
48 05,Oct,2029 6,27,351.00 22,682.00 27,905.00 0.0 5,223.00 0.00 6,04,669.00
49 05,Nov,2029 6,04,669.00 22,871.00 27,905.00 0.0 5,034.00 0.00 5,81,798.00
50 05,Dec,2029 5,81,798.00 23,062.00 27,905.00 0.0 4,843.00 0.00 5,58,736.00
51 05,Jan,2030 5,58,736.00 23,254.00 27,905.00 0.0 4,651.00 0.00 5,35,482.00
52 05,Feb,2030 5,35,482.00 23,447.00 27,905.00 0.0 4,458.00 0.00 5,12,035.00
53 05,Mar,2030 5,12,035.00 23,642.00 27,905.00 0.0 4,263.00 0.00 4,88,393.00
54 05,Apr,2030 4,88,393.00 23,839.00 27,905.00 0.0 4,066.00 0.00 4,64,554.00
55 05,May,2030 4,64,554.00 24,038.00 27,905.00 0.0 3,867.00 0.00 4,40,516.00
56 05,Jun,2030 4,40,516.00 24,238.00 27,905.00 0.0 3,667.00 0.00 4,16,278.00
57 05,Jul,2030 4,16,278.00 24,439.00 27,905.00 0.0 3,466.00 0.00 3,91,839.00
58 05,Aug,2030 3,91,839.00 24,643.00 27,905.00 0.0 3,262.00 0.00 3,67,196.00
59 05,Sep,2030 3,67,196.00 24,848.00 27,905.00 0.0 3,057.00 0.00 3,42,348.00
60 05,Oct,2030 3,42,348.00 25,055.00 27,905.00 0.0 2,850.00 0.00 3,17,293.00
61 05,Nov,2030 3,17,293.00 25,264.00 27,905.00 0.0 2,641.00 0.00 2,92,029.00
62 05,Dec,2030 2,92,029.00 25,474.00 27,905.00 0.0 2,431.00 0.00 2,66,555.00
63 05,Jan,2031 2,66,555.00 25,686.00 27,905.00 0.0 2,219.00 0.00 2,40,869.00
64 05,Feb,2031 2,40,869.00 25,900.00 27,905.00 0.0 2,005.00 0.00 2,14,969.00
65 05,Mar,2031 2,14,969.00 26,115.00 27,905.00 0.0 1,790.00 0.00 1,88,854.00
66 05,Apr,2031 1,88,854.00 26,333.00 27,905.00 0.0 1,572.00 0.00 1,62,521.00
67 05,May,2031 1,62,521.00 26,552.00 27,905.00 0.0 1,353.00 0.00 1,35,969.00
68 05,Jun,2031 1,35,969.00 26,773.00 27,905.00 0.0 1,132.00 0.00 1,09,196.00
69 05,Jul,2031 1,09,196.00 26,996.00 27,905.00 0.0 909.00 0.00 82,200.00
70 05,Aug,2031 82,200.00 27,221.00 27,905.00 0.0 684.00 0.00 54,979.00
71 05,Sep,2031 54,979.00 27,447.00 27,905.00 0.0 458.00 0.00 27,532.00
72 05,Oct,2031 27,532.00 27,532.00 27,761.00 0.0 229.00 0.00 0.00
